933729
644422
970629
818320
457138
671875
498088
543731
134114
551310
78986
903045
255458
857265
991330
223433
438396
446686
833461
948740
805580
166622
735335
425416
644765
582998
709948
114656
977659
675791
484016
43805
733074
939115
429285
443822
767284
349157
279326
684644
803678
218521
161372
816594
474096
42505
98755
253508
35856
60956
546720
392039
11323
408789
712851
251652
950992
408908
383111
541087
756384
773191
725423
909637
515661
220347
75003
525353
602740
293890
19071
537327
869760
969122
193354
425528
123118
974939
78715
719146
714883
624429
743517
73249
4291
347666
915768
233539
648039
50738
988854
990351
163558
886991
565611
825498
975929
19610
927737
589423
207082
479085
381024
211110
794887
274788
771579
139543
140236
506753
594242
942975
371674
341984
21570
251134
490129
368967
870277
15460
110268
24762
991749
883820
250453
500953
824168
338642
639810
777913
876102
131204
308812
211221
724814
459891
808859
399762
707300
286462
266696
901967
858055
161964
621116
734758
804769
942676
812242
489242
271642
816540
397772
327817
559737
131794
55955
89290
874764
622088
701628
221767
654905
756133
489528
287471
114786
104984
808168
339345
66409
816335
477941
556170
703846
512773
758706
141123
445724
189669
444959
638098
117984
978496
280794
500783
729173
962597
749687
362512
223783
605130
96206
754365
554567
258562
203501
453792
751609
124092
890389
53166
531582
623201
177156
200506
284880
644938
117952
135183
425528
225272
979368
765271
217516
922407
137275
935253
895469
595851
963441
471267
937600
1109
404139
310813
420163
597289
914773
524809
485177
231442
907858
322117
86991
911330
895954
190132
348276
707461
66939
169752
52327
935496
115845
889038
26112
161827
775678
387080
427270
247898
639051
948067
238322
603004
543115
135303
592628
50612
2200
965848
909177
229867
915730
698758
197079
251803
53410
23277
305661
408868
625302
528153
342388
96726
581391
209192
958315
748917
153334
429346
709624
507777
550547
184200
243790
559145
653443
745363
630248
543745
8510
755293
757951
224684
423141
629300
355991
638425
982501
683939
858513
285642
366382
755752
31444
528739
930936
200272
6053
254420
138313
68442
123233
32533
566663
946073
782331
456525
913613
411701
309725
86197
118258
319163
714844
430036
969842
143453
85132
702271
345771
441889
286475
668887
527189
77357
581944
757189
877338
226349
759180
745111
536041
351782
365601
769314
683058
259014
690610
95212
353775
73240
205285
77434
752542
477399
272565
5813
502175
831963
74759
79856
292553
861455
870192
583744
946877
437264
887161
444271
11117
612311
390843
745720
590267
470335
717643
448539
304544
541051
361476
512769
919210
502158
517770
862543
413732
640160
843533
144560
999044
74163
575593
31290
866193
60317
564180
162226
961394
841439
584977
111026
989147
72688
571512
802082
402933
578788
707971
505411
8365
459481
255540
664271
966239
907574
267107
972459
467659
578294
575320
736696
190429
94077
763490
514140
942056
819861
1685
500374
356565
44891
232917
909872
505485
489264
828110
638746
807854
616964
493557
828704
679654
581812
910883
561513
950073
758750
317067
804826
190136
720134
990860
903124
748638
205131
401981
361590
471028
100099
600742
406108
788727
698766
278338
819179
109632
543261
811763
849377
214856
960540
522417
571097
672530
3459
323705
931678
116314
881729
910501
864607
604485
125229
652134
270327
174874
660583
390571
370314
141557
701710
416787
925410
641171
855949
845
76015
429844
129660
984978
109582
956161
580613
114049
289985
291266
209273
973975
993632
584073
306997
636356
788865
327782
886436
366212
767971
873244
7891
39868
395288
305451
785087
241272
370195
11267
604851
357564
520414
9756
627328
378537
538877
390825
946941
519626
456525
13572
888947
234403
103757
952663
792459
660030
454841
49214
288023
47982
672469
322053
516312
272326
873705
925941
954232
79183
123976
805195
515696
343502
932300
184357
376565
233088
568857
561954
536735
844849
855050
929068
477052
574529
686612
521319
394734
208721
441866
531064
408204
486759
600138
856018
810703
670101
349391
141159
921792
478142
697528
82679
336815
601888
618393
205967
406639
890760
61357
103939
593442
222796
232482
427767
943070
14834
415604
758927
290436
306782
743277
859685
971684
362883
750370
698509
755302
772907
247216
77611
424098
107515
34553
651702
940931
284536
249125
620217
413325
936756
676617
399678
135540
236775
197745
138540
831442
830837
643646
23754
847469
761070
728330
946479
452195
514321
398796
243762
587520
625861
897511
913657
386206
587500
67342
913238
521451
162186
945554
892020
986445
590957
491447
987805
215320
593173
371182
117604
551602
507199
83824
533164
946314
396301
354115
278868
425034
453269
640443
589112
301731
577335
810486
192991
336939
568243
522441
955983
38751
984861
616280
281552
87408
349524
867385
219917
427683
44315
783967
286994
918015
941821
740059
583359
551319
540395
627469
921272
169604
132752
382906
317222
283059
326812
200634
388106
73918
58931
976314
901072
916470
92224
544356
970226
776746
876497
568873
167794
668925
561303
527519
123038
940222
899952
87776
19096
531983
759835
316890
766092
521953
963227
589509
528303
191167
222736
761150
713783
578609
6894
161010
496814
987796
273914
224205
436670
191656
145402
131409
780635
145527
756883
652917
594835
862873
718281
504559
953412
734254
845015
914451
34679
977312
79188
772467
122346
94050
810359
688352
190562
181357
126710
519818
963410
691756
879914
448529
82704
773538
830845
479716
292281
632939
558282
320314
352734
455768
259049
950824
737360
301812
45592
847719
28313
42635
855757
736055
331345
851816
629600
956081
958216
976426
979305
12947
87693
519504
180894
645232
109313
745534
950122
795908
878436
984380
130070
198350
166806
553897
114142
900482
179729
247358
555834
941659
129180
839136
675300
569766
501527
750486
262892
840130
839235
487043
301054
173171
567838
710612
978561
464326
642629
840067
754814
637652
563906
889618
47004
113567
615324
847478
59199
521595
16767
273906
249979
130558
51351
954832
944015
891480
125576
385775
633031
692645
152294
580428
582883
411508
608102
199358
466020
614847
109903
276382
872390
306331
379810
883760
716887
949821
23237
921997
757707
107050
631916
846068
667581
419931
341753
547079
358543
340626
124859
796880
551036
966547
775736
632841
899369
572879
763544
811012
338113
951770
865484
988079
697812
465210
770818
606044
53413
797703
650650
548247
715112
755215
25536
511350
248864
98443
131151
695110
422564
321345
381654
850276
513992
489945
461046
944618
987845
741771
34752
708133
151781
812927
66795
100662
35131
7600
252376
308629
399022
353944
131297
222366
482909
300611
34625
471432
820070
199815
135119
2580
213404
995657
521378
873502
752906
990546
396327
405209
577500
297900
212571
86851
936409
605911
800309
659067
989092
175020
317927
615378
697751
570832
161019
955875
112753
494569
802556
403464
328818
214746
905023
450094
398629
526624
944811
538947
530559
870077
19778
408218
968478
221880
472829
123155
54183
644999
457527
605210
106739
925362
596144
530654
918086
555630
436243
315724
860555
435899
498796
531353
829445
52821
328993
497761
502655
571510
110324
997641
689353
228689
83169
16443
860983
650880
221064
169191
310435
238064
360952
5522
769006
551058
258152
698104
725812
719985
842452
714317
140588
251549
288634
947051
718368
254426
382901
437721
423343
24953
66104
263048
449170
139379
965319
376915
434380
684296
187251
199541
313999
23487
640068
528486
832331
547239
674757
909453
406867
179347
892670
949570
729581
27276
552911
181846
219429
452665
131336
996686
198602
12120
232381
844848
455214
172399
235575
385935
676294
439411
770526
507518
87565
557071
357316
172184
520250
729904
323672
863287
40189
402377
415932
994932
220834
988303
357742
27648
119248
85272
978584
188488
22995
131880
433657
632733
75874
169676
467280
604115
961715
357055
633915
651454
928022
148959
884069
241824
564998
604080
946743
173848
920572
110366
495764
39437
728302
929987
174245
608280
752575
356525
169602
416603
514334
949961
180932
30190
950563
269219
301260
421418
882098
757277
549061
650988
516820
950544
526613
577292
599116
981987
957178
629816
231520
426646
658657
777733
840712
898485
848268
700770
237644
449161
540994
826703
230286
742118
203924
338293
787581
179538
759292
472192
324464
645005
490947
433356
280312
291385
402116
30680
797048
851205
96769
703107
968088
276009
312546
950132
825656
121411
820113
306634
961519
986288
521991
909191
434973
487296
233307
389494
411961
704055
807588
300217
800501
765709
982627
529677
113
266118
564611
193833
766744
492836
343121
307657
109747
34113
435286
132640
83697
188506
594267
473170
315452
743303
385423
351738
115574
110792
32927
431408
63318
515522
170265
273736
25670
911067
689951
21249
673446
571377
380972
375884
691262
849665
66880
808207
43224
426903
513127
776997
852464
482301
459123
364745
680228
609801
748697
141822
248926
977422
682034
260606
943704
180431
392825
750499
748298
474630
266289
735830
623499
592699
156886
830794
720369
144330
438959
279102
235360
680022
729193
500725
160764
858781
456711
584082
661521
801493
324778
919271
318126
634687
107511
606399
15466
433429
155633
492803
828691
257481
447260
693934
859771
741447
12836
234891
612143
747480
87763
13072
155961
918228
401957
627153
32672
578048
602422
743555
575245
322119
923159
578800
79133
805929
866091
764633
49081
701734
837388
332526
568225
523905
395461
805115
688428
41717
10071
414409
624573
295946
6416
280022
450647
814802
673716
975467
941640
484986
354738
286473
182906
675360
700841
122547
577368
633503
176595
481475
921022
879548
328607
86170
288454
307053
295188
814258
572651
967253
526587
323027
657163
60900
709986
335826
363708
490968
449073
900746
514600
439923
334952
558369
676949
826756
663310
762616
414318
171939
202151
87200
161608
352470
95095
719899
160208
964597
197166
497868
242991
528369
883104
269410
642533
566016
642719
681112
410948
665304
583405
584000
486058
999298
296902
128293
916116
415618
415512
273616
264135
131103
582421
879983
752847
271911
491424
764577
282696
984409
113275
110361
57719
608851
219040
394744
188018
455645
835255
570050
302547
53159
321350
572208
902201
346326
346693
360095
910796
216939
162829
595197
640239
869364
215834
759690
176297
79508
324412
980812
12610
40211
361277
80347
613174
552880
618485
400279
467273
612968
811863
769145
115901
16062
985274
568361
574999
471655
412425
233724
558370
853313
962058
684593
911919
636760
291803
111662
710910
281538
666596
273986
543221
297246
159542
956927
604123
1942
486186
524865
361872
528166
747661
566024
718483
461140
913753
471497
786302
604040
963918
416503
628573
756849
222388
619157
570937
68156
572960
940505
980891
473333
919710
859302
733487
967942
471773
605979
934104
981742
173516
772495
852912
916581
875848
28223
440691
990532
650050
666742
241949
890998
982443
584431
998838
381081
456370
948903
748124
926412
927377
253887
753543
613692
128163
676821
187150
117578
101738
656442
75785
239125
854453
389840
662613
586884
144928
511978
998697
300804
380587
565351
275861
329479
180444
993467
139650
662883
280903
299045
979986
95550
110797
696312
987123
549298
542510
56500
581836
719937
37989
196613
681304
828975
651559
593789
145919
559235
125936
421018
667305
832356
623424
394743
304147
946526
471262
300816
849897
734387
668204
222533
225308
823909
798854
432924
128691
789127
432937
633228
248164
962985
48593
720430
442638
951145
11951
548989
432098
433449
169667
215347
702795
668847
166740
238541
529207
229940
688873
636222
242225
884892
446787
302595
131747
217321
869308
283287
661961
528869
152732
511874
998840
804528
525858
323767
201938
37365
333282
595385
816352
7160
813899
670035
15780
686599
257300
326613
893832
808944
557602
923257
978381
772783
52440
505277
552441
982263
934265
105178
905158
925336
451760
682317
207764
777874
581062
150716
311889
88149
839717
725758
401408
143984
440623
384014
94055
954018
38943
575112
285304
384849
911856
450610
754576
887439
529198
781979
312610
419032
122408
428374
58862
620879
39947
684490
139126
47499
389174
89881
246061
259721
707911
313262
989123
891684
183269
538854
175449
381006
241046
376512
989497
911713
165850
693371
36828
261155
780324
921996
226152
664900
111218
338443
503863
517803
400747
523417
526513
714712
783584
720665
459259
700922
442978
88965
222091
850336
83930
907566
670679
618371
117012
639645
394987
27014
33332
384329
46316
431047
69285
655055
362251
187284
409205
610531
349016
802777
854628
834253
402007
373320
100831
509562
497875
640126
504478
369391
975236
790489
500589
113381
836198
207249
632741
79750
947139
732301
497309
835254
994731
650973
770724
3859
561976
526906
888137
93153
229085
221254
872540
297324
175290
915289
275325
256443
360240
722154
182387
534052
997420
521331
764350
138543
697047
978509
905105
758497
352223
323874
29779
508188
569632
353445
371444
886616
204882
290962
565259
341979
352603
601878
639400
303163
962739
586411
184077
790843
106975
595186
723073
752995
803041
8854
86662
83098
219710
702178
890430
874043
31505
573432
61450
836736
669791
861542
721377
969592
225610
396282
635525
503628
799715
630904
867558
867551
166538
291965
241427
918257
721340
747678
705279
964335
813638
744016
716539
173683
734960
986844
322967
801056
825354
158751
701471
297353
390548
350826
534567
769641
380494
562494
753824
449453
70039
876610
860286
796558
303767
152383
243766
616423
219594
595275
666093
101797
749487
360908
347800
22315
610718
429076
903371
380764
947343
344337
707158
730631
259162
61253
140140
6742
764156
55191
567205
159332
880507
63711
825244
101579
85516
308915
464265
481613
11337
817724
976927
572254
271209
504915
776282
135178
174896
12836
737180
460989
188351
912097
703721
912595
720163
759090
483287
206546
576115
679091
497105
355454
213227
597771
437963
664372
745975
979291
997602
424923
509864
945791
969492
983265
871365
950881
807077
671416
888253
758896
23286
686189
370659
342001
653989
375986
870705
448828
376238
552907
137380
21208
771574
386113
613326
339621
655317
152104
621547
763387
354691
618560
992523
198173
311780
120620
16067
971276
411751
451921
767252
624251
992415
537494
52061
242746
578135
481549
445912
335097
999235
990430
157056
944005
707503
359495
736806
629770
779005
182380
979939
198886
307400
692133
711058
568407
634032
175870
536567
954355
135577
218118
56900
651528
95608
622748
479956
32419
523410
739327
54237
34577
651517
577002
248949
328571
242850
527463
148398
562823
769023
738291
99271
566945
983287
178943
251965
161796
404722
223871
270870
272325
754754
140758
153606
368407
442684
216548
795457
869161
783859
379951
662806
37916
752286
86334
698161
67773
718866
919354
369404
511887
807142
833449
597173
947859
210322
212266
146841
782311
56531
950324
955326
399509
183643
578707
778035
437033
490733
50278
487491
831838
370058
175920
332779
421641
91693
860501
477696
309430
912324
225761
175561
902994
110385
427025
9891
526724
111614
471651
732740
769516
362319
629315
366244
280510
631984
87735
397957
553427
982582
352156
96896
350692
728832
512899
204690
810075
331808
912479
515059
949470
317742
932323
144882
239513
994500
588789
621381
149099
950137
379203
262522
85471
61112
350847
711477
948372
12130
679301
901092
596903
135275
137269
170526
888015
712986
711006
733808
587249
757600
278689
208860
375100
679612
703523
455515
376557
187446
914152
542423
126675
223461
545872
265200
651652
734068
498387
272038
392754
596268
329349
517977
29485
78548
747607
465354
868813
801031
596098
175486
358815
277914
621526
195411
457961
774625
16461
933591
45407
392859
189203
39710
292935
8470
467746
156302
935869
930460
476400
293695
678078
923651
737091
994800
545311
543307
642115
402572
861463
566912
321065
320508
663962
676443
81912
365336
797304
443901
44658
351075
627919
103533
305742
114954
308820
556096
472336
98211
789171
543650
687892
128574
311708
957820
333801
16266
970058
800105
436717
771690
8386
399731
437112
480448
937330
112713
381821
130163
213146
875208
791835
973617
180943
664897
426332
333991
218392
136045
914868
110527
532766
437065
761946
626756
862104
493832
541599
878437
410353
847617
194368
684643
706700
473474
215057
723017
720926
873047
176828
938932
489434
135200
475711
358412
710732
588493
399328
905879
254499
131518
624570
430408
294934
320175
31263
777890
826994
815488
282243
411594
653181
851117
965082
779889
538898
966741
216611
357414
126032
371557
658643
44795
367213
951630
161783
402036
697362
115448
423916
12001
894438
383943
600963
122934
597940
874471
259698
602781
751533
602557
735918
153081
815307
830956
575981
676509
453501
532471
115675
669679
545123
401106
407654
521613
787787
745591
647119
638312
869138
29952
965159
385163
165623
787701
960147
941445
194951
129440
619802
295000
596465
88006
350027
770159
242687
601037
671328
678312
195724
17668
769623
908046
613783
634294
495462
530567
385888
913730
594151
786156
227019
722739
919032
138703
201238
134851
131094
437905
156945
88536
920362
612485
356294
465222
97974
732859
659878
957290
2567
727937
988145
433124
540597
518294
422617
374432
837421
836752
232830
360483
914456
547425
319021
504560
27458
845584
45918
209854
301934
323243
209629
605168
83937
519138
927443
545242
987958
236833
569462
116153
968360
610950
461365
173155
866787
629094
979162
556516
795180
575779
829684
280294
402554
654775
764636
169657
543352
867502
711396
134306
116245
77714
320353
508667
874398
76432
226419
663981
821763
376200
901449
403045
404636
409951
834672
485317
83731
787366
919807
998209
29220
270381
350437
189850
619687
169509
29251
809243
145658
933985
482181
961658
619343
811241
535022
980269
874469
585008
557978
839452
203544
566408
912699
190845
624616
208670
346707
190141
495595
943631
471704
900810
601389
97011
135155
210303
27618
29428
448551
874982
104388
971493
471212
521951
454570
373778
65011
179086
713262
976280
233289
179001
798613
217078
336333
88364
708860
46075
936124
650852
696469
687358
664680
600240
327450
402442
433148
599496
372413
846684
502943
492456
695662
182524
425529
516531
309583
715648
624079
118084
543823
454036
438095
536524
842240
654856
781143
378828
45309
120466
172264
993103
141652
732318
793154
568008
379613
470374
396137
534190
318235
955633
341965
24650
866747
374710
781930
862784
612644
497907
15286
790064
770660
386036
350884
419706
898427
296270
381017
708349
119314
243585
435804
574698
968938
651935
128053
662197
139075
538033
321414
142293
331128
710685
558702
885424
151093
539923
972645
288862
478908
952687
967899
543635
27296
445619
511044
147234
868709
70572
694341
24408
553684
544710
349434
705314
69915
864640
878717
628435
298563
62769
145007
785083
812810
34152
214199
602995
833376
683376
980989
178405
906712
993554
224318
709187
403795
3301
437035
256034
250935
92599
853420
764322
398724
424761
458515
616238
411245
869219
404828
850872
214869
238663
184848
589438
484462
214106
111874
133405
364537
902721
147035
665273
223867
575854
876977
474876
924310
768375
494549
158491
648061
585620
963892
293729
672268
760401
161745
680083
605955
730167
678307
353161
511389
763125
133930
230060
20514
952226
321935
424004
26816
717156
223270
978268
783940
307067
955269
12594
274619
680521
14675
49680
526941
54190
754140
595061
149725
358136
891821
880523
734730
813037
995243
49428
930665
853499
303477
961701
932436
661653
955793
226926
848798
646521
680268
35866
912553
307160
262454
853945
779661
51395
662061
64591
227110
706995
474703
206023
404114
658417
546107
532015
417198
769797
937797
245253
436924
513660
116107
901393
702529
14839
190476
162563
770448
40405
262348
290935
103665
318935
462573
516230
631082
956241
53084
685351
219579
129716
47699
408064
96106
689743
167293
249524
133220
774173
586121
388645
568611
50618
848991
560673
167711
741396
543038
33044
58152
157241
793237
825469
465859
68384
417367
378412
364768
875487
624005
398463
615619
207865
466230
664859
514058
272762
874062
168254
794177
7011
980271
71019
40938
841119
627026
627807
153306
675956
394985
385709
969749
493414
231742
695315
418641
875039
773185
807100
588385
586351
749142
602015
925557
299650
443800
310786
364059
474370
41755
413371
564268
391616
832119
278173
598412
348252
665991
20
356834
56015
766675
326590
669584
362361
977402
524892
638718
512324
797903
532526
958921
304436
109031
762923
67557
658818
313732
489397
809962
311818
733032
819734
931785
579117
487271
891264
117385
388038
765716
65720
481803
69786
341745
583882
393535
723670
426165
351927
256297
317906
467834
274516
410224
75338
308584
824148
626413
107514
178576
341901
763432
706806
378539
901617
30417
183809
136977
437784
958585
646045
53243
236727
621494
654051
741513
821424
864055
262182
776042
722172
301363
554046
804645
618470
630538
416243
745263
861924
362340
959122
309525
445634
423973
689593
707570
72437
210523
268507
280049
92538
569660
443981
975990
730499
892749
542017
49404
202172
955215
717095
82776
34141
399979
17955
462269
141344
790045
207533
727239
992987
969758
191129
795832
502543
68979
853091
928733
114479
860437
79901
434770
928618
337711
756299
544921
602356
319768
561159
585351
201678
607738
461065
565504
133827
720567
902135
563821
787612
518407
834382
841554
531801
86088
867966
444224
277655
93763
56975
160612
898627
477746
33903
100816
418384
691839
476799
827700
27711
967885
181080
930222
671567
994040
329305
162424
159433
170205
904745
788510
495259
132296
578364
572290
397781
550533
813866
928309
787560
301606
381772
112433
354090
990585
950999
971159
184436
455678
935225
691866
834290
327372
311355
200228
153013
933273
698688
336454
636099
840905
589942
708557
71748
112941
259050
168729
772525
912873
535713
188001
738883
443786
332977
14725
688120
328922
541605
393993
591
449937
663874
797987
284368
947214
349389
571332
440211
556357
816851
130904
820630
705913
998234
376104
319996
833666
125608
763518
7038
192253
395895
78922
216765
9626
295144
799987
855750
245850
141414
84639
42865
344937
414192
842830
106986
318911
478265
53675
393862
221022
381293
475129
296217
565992
506837
160129
414357
537427
998411
740836
778954
885968
35154
271827
623332
266526
235992
533355
279515
388874
696747
87462
390441
763153
423375
52527
780182
10257
214597
515976
4644
676848
368479
740203
817166
245712
940019
833363
526592
564350
660635
354555
499773
228260
45436
402013
866181
550006
660505
93257
819176
621202
999910
987786
776654
631750
930976
925729
63220
49132
206381
959961
706688
480307
112939
544581
403631
39741
929458
909204
701851
829274
499856
596403
972078
699098
892747
468731
796851
803745
815036
102083
991455
593034
174542
373810
589962
785124
945501
226784
778810
557293
280844
44765
941058
659795
636371
809757
686329
409130
524591
228627
984645
549287
399661
314133
296768
782975
90006
484604
899299
369618
141408
106852
439753
562847
410963
548516
124925
817440
261016
228889
845344
634165
742301
861351
969227
630674
226746
65936
501276
927608
52963
797101
794825
221267
881242
579681
30278
977689
619884
375041
228380
27738
981009
9870
653878
468691
951532
491589
83178
185173
723739
207262
559111
490623
920003
956924
936550
360316
267402
7690
734508
477868
230583
871504
553559
849417
495001
307335
591810
53143
607673
127648
598320
286489
528906
749394
939777
249471
325997
71327
324413
559642
748655
182300
126533
832786
965990
609346
185745
783134
316153
299632
416813
697850
522274
297035
559305
422811
462151
121895
920561
560120
244124
191642
21196
922575
37935
230305
639259
416242
836842
506557
867352
429556
86107
912749
446387
495807
902940
351546
820363
465626
434384
632072
68450
677043
752023
94128
113794
642926
566314
476842
382948
589086
958304
127270
395409
771050
272806
504760
599718
873494
294647
78550
140727
953548
838399
138865
142033
327657
922023
745938
518277
521414
766161
26684
293882
902763
963334
295366
897998
901187
295132
22497
929830
778970
840452
505218
444164
765361
214212
202865
893866
990443
3429
92932
484249
62719
726404
75576
843640
322920
930753
408837
595143
776280
367322
392167
626500
456448
529581
32399
598117
506502
231856
224187
503742
575955
314819
56028
903944
227387
12917
213332
789456
922319
996000
91602
899594
813167
606159
155649
720413
6579
350837
284864
317890
183209
284588
329918
623353
459942
514354
872852
781545
162801
696958
230411
696115
742269
62529
69510
962989
407478
193870
614151
969009
181658
519323
314642
51375
988540
235469
22854
262821
67803
166029
171371
468187
487425
884659
189684
209866
771791
281820
407245
22855
696577
639728
991001
654510
114975
194430
44157
949768
274492
110299
853248
999542
459584
769853
412234
518113
952564
290507
775128
314818
243741
219980
492846
155925
141432
433317
375234
274575
933526
357063
85900
279769
34428
779874
625289
239836
614753
673939
586560
271463
555837
647816
179153
52291
697106
878894
406574
293228
751588
632419
457739
356076
453308
764089
325336
882690
470052
924527
900022
513851
365955
536445
305862
519139
430587
999129
40269
433583
504698
989902
560820
602437
27509
178517
321656
872440
406405
147954
903782
536000
467119
823923
806445
34210
180974
255361
670851
855246
85463
159544
192850
526625
815450
247956
747810
592923
944470
982845
798759
995044
899104
79441
487964
322717
54131
765083
422484
998851
242118
534088
555824
572556
818364
895909
240670
947000
110554
404246
981787
549003
552241
76002
153530
159117
50241
161558
962970
364159
168212
111603
237571
368550
522254
500802
195358
206469
378990
614886
215956
233784
822634
385259
772417
146841
14770
364046
106653
674627
8996
472503
935334
521499
302399
327030
458551
99561
806695
49548
210032
82945
204203
602807
835670
840681
717210
856216
716121
360471
164081
784083
459646
362627
801380
425681
682950
921598
858556
495376
170625
61888
860172
821045
457895
475874
800419
110345
116744
722929
985618
896899
542061
12412
892631
902290
832341
947511
704600
464743
438541
412595
280141
131725
615055
123622
188109
991177
348394
229343
97266
824922
361965
750431
248666
707791
999493
574350
958303
247354
274942
185666
98536
261622
143413
304703
289023
325916
95351
131820
91409
285124
505485
950280
846689
523853
778267
427592
920188
514530
223217
73339
26290
922288
766369
960978
993559
335520
58195
1703
800602
512259
273649
770406
963982
885105
916647
126951
391775
951177
239113
650327
629767
88638
463816
209012
22071
287605
860619
827668
683893
260828
867300
378580
341419
408258
869011
525554
32230
149720
954515
778743
379459
211157
952697
480708
653794
552479
319444
37249
119703
758802
992851
730919
225739
881945
163809
10794
43487
915310
19361
239014
985693
312824
907849
492758
241374
221401
47707
169711
554127
386441
855839
825790
939648
11139
206921
885772
689394
202955
451515
610636
539570
24349
818767
979869
198115
579948
908560
952628
517044
18600
338319
908555
473540
806282
251310
937248
780351
134670
316081
44754
384574
870146
50829
276150
333615
19396
791810
215178
488085
290188
391517
315065
343637
959813
780199
39074
787193
928634
853403
844993
957784
532498
758567
634702
508158
415332
545282
408079
470556
522003
316728
509971
618548
61566
473844
39589
686510
112317
379182
703602
59337
392619
783970
637385
577193
605231
659788
493268
913578
677936
655326
400316
579731
169534
259082
237082
984332
87817
890432
26914
134747
374929
564378
164858
504475
355542
479353
615815
311236
514592
862841
185550
951073
73835
676168
459317
616096
970272
327645
27263
186964
4574
372380
171453
335924
123837
287412
276257
402200
30652
802409
842021
8769
569164
939061
131344
578012
628887
866344
157951
873480
628315
914246
940078
445964
992911
605094
683425
394316
425851
359509
833164
164923
184914
613097
740162
208458
25238
440340
23462
188536
945166
423759
579259
94099
381218
429269
586018
45846
38236
152747
786011
806757
112083
788171
785525
7714
264775
934332
109102
881470
345721
904916
267603
861696
517817
935904
155584
748524
143374
394549
680319
268045
512464
985834
643047
760379
254991
125123
542359
419472
67889
99838
150380
977445
210098
378372
424235
977349
70542
440986
558537
810364
998080
805362
758960
506985
497490
498534
622714
866451
841789
87285
848576
884649
128769
520717
367341
597962
818378
461532
882958
398992
827671
486662
245285
599829
331270
523249
37285
519510
517881
152589
252699
654527
687172
962465
964593
554736
236342
957443
440885
871737
282037
147017
249823
672778
890779
823121
516614
520444
149872
711365
641748
6896
600785
134440
472279
401134
878317
561511
129212
818737
751360
434020
437309
855757
144886
956132
178067
941931
137827
617225
192236
763096
377775
574111
695224
978656
831018
662318
36832
117205
295159
728608
536227
971854
641654
180988
953711
36569
326870
137843
622738
525761
312796
324417
258820
301655
172360
912719
986370
597381
819302
830021
180195
768493
998877
671483
305243
431593
403188
244042
56426
255952
33730
941530
749687
362512
223783
605130
96206
754365
554567
258562
203501
453792
751609
124092
890389
53166
531582
623201
177156
200506
284880
644938
117952
135183
425528
225272
979368
765271
217516
922407
137275
935253
895469
595851
963441
471267
937600
1109
404139
310813
420163
597289
914773
524809
485177
231442
907858
322117
86991
911330
895954
190132
348276
707461
66939
169752
52327
935496
115845
889038
26112
161827
775678
387080
427270
247898
639051
948067
238322
603004
543115
135303
592628
50612
2200
965848
909177
229867
915730
698758
197079
251803
53410
23277
305661
408868
625302
528153
342388
96726
581391
209192
958315
748917
153334
429346
709624
507777
550547
184200
243790
559145
653443
745363
630248
543745
8510
755293
757951
224684
423141
629300
355991
638425
982501
683939
858513
285642
366382
755752
31444
528739
930936
200272
6053
254420
138313
68442
123233
32533
566663
946073
782331
456525
913613
411701
309725
86197
118258
319163
714844
430036
969842
143453
85132
702271
345771
441889
286475
668887
527189
77357
581944
757189
877338
226349
759180
745111
536041
351782
365601
769314
683058
259014
690610
95212
353775
73240
205285
77434
752542
477399
272565
5813
502175
831963
74759
79856
292553
861455
870192
583744
946877
437264
887161
444271
11117
612311
390843
745720
590267
470335
717643
448539
304544
541051
361476
512769
919210
502158
517770
862543
413732
640160
843533
144560
999044
74163
575593
31290
866193
60317
564180
898799
255228
789296
225290
69383
770174
965156
892824
450839
734049
111172
560283
327056
777311
986707
541816
258663
783812
718930
153750
537900
780197
254106
120232
408395
347901
515492
40414
308450
661285
218286
919662
725503
311117
636838
463545
859787
659527
745279
560897
186840
590722
59996
141058
181309
171160
200789
380407
918680
913563
657364
54616
6825
51031
498688
685559
315921
470711
795052
15663
273142
730888
336108
257433
67583
890999
822879
512271
971283
721029
87762
730172
123785
224880
53688
590714
550504
311720
82171
725769
889342
880008
79640
775684
285255
540779
232439
873181
179142
699940
523141
283046
265262
743760
244238
749687
362512
223783
605130
96206
754365
554567
258562
203501
453792
751609
124092
890389
53166
531582
623201
177156
200506
284880
644938
117952
135183
425528
225272
979368
765271
217516
922407
137275
935253
895469
595851
963441
471267
937600
1109
404139
310813
420163
597289
914773
524809
485177
231442
907858
322117
86991
911330
895954
190132
348276
707461
66939
169752
52327
935496
115845
889038
26112
161827
775678
387080
427270
247898
639051
948067
238322
603004
543115
135303
592628
50612
2200
965848
909177
229867
915730
698758
197079
251803
53410
23277
305661
408868
625302
528153
342388
96726
581391
209192
958315
748917
153334
429346
709624
507777
550547
184200
243790
559145
653443
745363
630248
543745
8510
755293
757951
224684
423141
629300
355991
638425
982501
683939
858513
285642
366382
755752
31444
528739
930936
200272
6053
254420
138313
68442
123233
32533
566663
946073
782331
456525
913613
411701
309725
86197
118258
319163
714844
430036
969842
143453
85132
702271
345771
441889
286475
668887
527189
77357
581944
757189
877338
226349
759180
745111
536041
351782
365601
769314
683058
259014
690610
95212
353775
73240
205285
77434
752542
477399
272565
5813
502175
831963
74759
79856
292553
861455
870192
583744
946877
437264
887161
444271
11117
612311
390843
745720
590267
470335
717643
448539
304544
541051
361476
512769
919210
502158
517770
862543
413732
640160
843533
144560
999044
74163
575593
31290
866193
60317
564180
90699
720456
627380
570052
29035
918863
253101
873659
760457
237347
643352
882842
189817
229771
62680
957589
674014
402317
923732
741349
315304
57405
524167
189262
877882
190375
404524
508786
251135
220962
391580
861638
797938
420647
197295
770669
372735
257378
780450
51294
271601
520716
546176
744311
885344
13327
858015
965431
366697
798836
267840
806538
193946
481430
330822
424718
115916
759164
865848
237292
596967
540816
46175
704567
545749
245195
760784
526765
807697
512203
273809
207539
628848
446521
327578
843734
57296
687642
484215
689519
38672
54105
681428
512739
783317
245093
690007
12319
835355
99199
403723
597774
157651
207984
666750
645362
461701
261077
649370
940133
957781
359905
619650
389114
678193
678736
326948
248087
535286
274603
112505
42906
315937
551720
293064
86017
885454
871425
325339
989810
976449
65220
752361
860699
71961
156369
957112
921234
57188
424614
304536
152367
510479
58897
339919
173868
731725
34602
329815
988212
865153
524677
581078
401658
763491
108084
654262
906000
561828
274393
799522
555467
281972
239941
686353
905425
171947
888790
772895
393057
900276
730888
466197
634895
171015
130112
561759
992069
802988
696533
318826
411368
825557
660075
927318
988649
683187
246812
52961
920929
212446
564560
609071
514377
657570
270960
896647
697740
624529
345145
778789
54152
538562
613159
611181
729025
866451
287661
237237
697700
92324
674037
474721
783756
194581
367917
170028
507350
161575
723158
76997
312690
904950
104753
529038
974734
782122
457673
116520
17399
823106
20568
355768
789080
672017
592274
641706
435980
199789
619501
613073
389738
722230
515627
427311
143072
766335
43397
341656
25610
367760
298420
427585
411852
953722
815721
207739
294125
968081
588187
497557
435666
529149
333599
758309
382431
575844
176083
823852
456938
154066
18097
950361
483451
722709
270735
756452
401032
617555
282943
770522
109455
101255
764352
982794
862710
748984
731811
11483
275818
271837
26238
235632
542851
263810
244349
521632
777612
773326
8855
976044
483071
46462
861084
494304
31682
266620
701626
743024
695923
624207
627385
613044
206870
589827
217591
111022
38325
835899
806616
119293
615056
854055
48098
446874
425852
949517
122659
118911
585637
958680
270688
907522
735583
732398
941936
693932
296140
155029
745312
369907
995138
228085
555120
635965
281594
537355
584053
234470
705555
243674
968654
867639
595338
590040
429499
293657
395688
801582
866268
868512
843914
169907
326930
106822
755754
59643
650626
671833
568692
552563
225470
572955
947711
453417
725270
248579
696903
421675
393364
642627
940105
64659
427021
345161
34718
930079
282538
360564
965045
469800
268978
91216
25037
211642
627582
680249
444970
572405
404292
943879
242648
972759
814346
741977
986863
173464
470854
784958
349405
42436
803263
555738
291560
283450
227060
237395
482084
9800
142595
280371
75812
430047
638811
517443
295571
328009
856726
540360
354771
465445
327899
388955
134049
513420
244683
471711
682535
627120
541944
36181
52824
318950
874021
438286
198421
855994
56028
921501
663454
10515
305248
610022
576618
625886
666183
944483
24847
125472
331926
844433
226886
788169
184908
468678
52962
341959
771622
562802
343931
185519
98838
32554
171790
338043
92853
562465
653151
38686
298752
810990
178264
769577
413184
956605
950376
360170
542061
143721
543745
745683
653650
682947
783269
898733
557932
697131
624761
430758
884625
272774
872053
368629
955212
75843
505632
651909
148331
821658
117213
967468
343300
950450
445653
640734
293117
353329
291817
436637
326129
17859
153488
288340
604683
18060
766146
168149
279410
360590
361426
542515
269386
817013
862248
111860
71300
21498
422163
825959
954804
793917
686101
486942
136645
860271
900757
604475
42698
885498
535032
551517
564952
8150
384426
484031
299537
872082
228048
934376
112260
487242
982821
465599
19743
119741
956737
282664
297042
810880
241470
236674
926805
55431
504390
229457
990321
631374
440998
628384
367431
566495
931009
935132
160144
751619
504830
617091
583869
765955
71851
706432
680554
66923
987993
499397
99594
814989
447162
447132
365259
253488
869703
119455
503470
744011
430770
944221
636099
269937
122367
277491
167588
463748
775177
243499
486521
988294
279679
698451
683896
407728
840814
618491
650174
520833
476456
189671
54812
497580
127119
886604
134813
59182
682867
866476
922947
372564
953082
76400
531641
292118
105720
574625
375122
74716
384939
699925
760280
718429
979447
888492
105806
631032
758624
133985
159481
421273
219478
313905
975158
224102
394702
864263
83770
120416
660606
574537
246816
892567
353365
596216
416170
568788
853062
110765
40580
952857
327212
486621
657151
609732
638897
169893
785170
583561
19429
999702
499973
461364
981373
116658
706196
263881
605040
141740
52567
44459
769995
842910
634498
7547
122884
78054
116130
420254
573841
405388
670019
583614
895969
386289
180568
654590
565864
270486
486365
165543
327876
449897
46958
674779
90795
794917
311205
99966
672836
745714
237175
935623
599328
821198
867673
736553
627181
29558
600854
960984
921233
516828
811919
510385
839780
673737
779828
77299
100049
836103
451977
718221
689156
660384
440209
905464
262015
233448
783094
680099
924906
984517
432261
427494
241910
507181
124693
227642
21106
470738
288225
694337
938434
902621
894099
710500
339343
257469
718260
491286
621806
853437
302224
962328
449041
452641
14637
527372
666222
990145
6318
917693
202718
714731
524354
965150
429841
294670
4991
821340
413858
763068
600343
357286
254945
529859
310627
221200
235030
71296
691387
306340
810931
322881
184364
186563
583918
247913
480945
414180
252806
531386
968787
442813
214932
857792
235012
337396
917810
771356
803503
364138
284027
688589
769185
15147
532863
235541
758736
15613
504421
715930
695087
385836
155452
181389
172112
686066
240835
271311
856300
159024
320646
717380
223788
603141
139936
166593
113977
458983
116882
766668
35081
771949
144629
779009
892272
406306
163176
336925
825741
128728
989851
350593
143762
953962
710415
475322
915054
450901
527537
5918
644995
544220
339403
537523
601891
714968
478392
242081
782350
402843
978284
649615
208897
843601
458145
894807
238335
536945
212040
491881
825949
33374
375941
834610
238500
752946
106680
783304
538062
104524
552506
896884
269112
260997
20807
95745
172870
564159
155766
799862
425748
682306
127200
876647
852871
324303
801565
54334
802972
525766
617079
809238
887576
266198
417139
119020
585239
450283
809701
889072
790703
92267
714995
305533
749184
879214
639946
845863
457608
157133
874874
186805
537469
783336
246556
789500
788078
219124
281424
512909
114321
698722
633670
209144
289658
303638
415262
888167
62931
295958
628322
704325
446660
119807
245078
713460
634866
67097
606556
76939
890023
721841
718418
147636
911660
946751
710810
663049
653160
356472
198836
91932
288716
933738
531229
33406
48967
687901
947033
451314
941703
29679
473564
441577
953141
841652
993676
176641
185592
60957
286310
648619
528973
958741
1528
841546
886475
200453
469742
3163
678743
201571
964543
757973
336356
255445
539506
905850
756924
402941
841618
884231
251031
38096
367412
37013
330297
799609
472608
29521
801240
384920
72104
976496
20172
541778
374292
108794
837244
641649
182242
94551
711855
919932
263948
451885
716969
679899
44869
842673
666518
500433
408172
420809
397890
762036
701606
823331
320630
611266
144620
839128
702802
820656
705349
267457
808105
869351
174310
987297
919635
969088
600097
798618
490330
690836
472152
167896
145474
309314
36595
612789
29211
975752
913367
94653
34931
353722
746432
452606
788413
408463
963431
609171
863041
627103
847263
5032
597945
65304
29219
479249
62819
265277
201786
601316
167234
270807
319001
282715
647643
676780
803159
348183
681859
893947
308944
630686
178636
584004
409508
69130
369105
525777
163770
234137
187159
10193
900154
684749
67461
229887
709241
567706
212631
28714
76264
910992
85267
807089
804117
134637
865774
341003
878527
404266
883626
765721
209240
586753
577485
999582
244571
732268
368756
438989
301413
203397
943458
842577
78712
799487
828934
940746
229719
483199
824739
456111
56751
606247
801187
901122
361940
852634
614344
731017
238438
470220
402892
173404
118735
745220
330124
330240
710273
89315
913433
953568
543225
555306
444010
633358
731296
74824
641076
3893
203654
220331
607805
974623
104525
833775
360220
922023
276770
435471
685679
240920
746695
929356
854174
646931
909589
754576
753523
146060
678965
298335
348624
643146
207198
81308
975313
747811
911229
954388
870938
454681
444247
304377
516649
24075
942706
56231
820473
570055
347800
80794
905618
574597
851457
469462
285038
789820
549180
21035
501143
764661
195486
201028
888659
537989
552489
780031
978960
877114
198081
335214
205827
808784
817439
807889
995414
89182
940052
350067
27351
690110
804161
764239
439178
340449
531529
943153
13009
655147
77644
850135
931098
408420
485954
745568
516120
63481
819461
561395
482306
758069
768957
553090
615217
563174
344446
617296
470730
981787
244739
953393
637966
335182
469958
68535
346211
896114
492643
478228
712491
371521
835412
838347
724326
611696
216555
659463
131256
228597
519721
200709
779122
142837
719794
617910
562669
947094
554301
949505
94878
373079
168158
63828
395559
79846
179309
262597
387077
443203
613758
838016
751678
19066
940754
514667
752742
878064
2330
372402
951398
64380
976157
542774
360270
18655
636643
699027
467739
923039
86392
118505
738951
575819
818698
886346
653904
583731
441384
630638
78306
372016
643340
31733
779468
755388
17314
232224
197411
587534
165965
189111
160374
312417
112984
955987
94362
77570
416959
860605
417896
437729
543003
551964
236025
576574
985540
931133
151734
405002
355446
51264
998255
856276
145658
174826
562379
191566
171647
309877
916708
153782
746583
712197
807918
363317
495771
36440
658421
436162
340892
46968
130433
923085
591849
57837
874317
317937
272446
561437
37143
63832
775889
826575
342784
697853
697065
599332
71459
18111
220764
423824
64484
431374
758529
515011
959092
445186
621495
562019
218553
605273
392577
317951
164384
47210
318621
340959
140352
230754
481541
791418
142009
355878
727277
761274
730908
421490
332296
214228
819204
880958
169668
249194
958226
372995
700161
64488
93693
62105
458567
696513
360604
709729
831419
334256
382436
715362
829517
769656
712123
16355
247112
334003
506402
915763
69381
491758
260470
619530
240753
115777
446472
507434
938892
351656
197229
936673
312637
894004
755668
682604
236878
443708
270826
958072
13387
92802
662844
320931
103791
392341
702263
678774
919387
898731
153005
30548
412220
65229
813799
546645
712789
447887
559394
82238
342041
329016
30751
243011
588708
26231
452535
678144
487838
351493
166545
362284
462296
912071
861346
246417
96281
204115
151201
806983
698336
739614
111519
703206
281103
768787
613380
964556
336010
512459
816290
873412
313327
202823
976183
982403
31504
645979
804787
511586
334411
465960
976818
707511
191106
667470
23074
614404
89960
663370
770328
107114
17448
452980
693084
966109
531662
208542
27513
236771
441548
129738
264586
108328
385111
59965
687213
72273
163323
23060
945314
175674
31159
535506
273105
771795
273202
276671
844469
288542
298463
458394
935167
184685
177526
25331
14694
444494
14897
638703
625978
673295
800363
248665
927719
99655
415443
944274
71985
564292
284422
685125
168814
881508
754275
464935
449923
795798
663688
434972
385200
124514
718636
523965
928529
576827
230478
131188
773602
169942
492207
540693
485701
125376
569527
807230
642063
621338
565597
998130
661267
801610
481804
840530
831203
997022
641631
19557
155522
202527
270675
600643
30072
471022
233071
307961
433682
34515
113101
680948
271746
643857
800441
452239
746418
830213
488512
842822
143834
534579
527615
854056
226617
826080
888009
51180
499038
235461
82809
779293
972538
567060
276568
230281
700940
920759
962640
287955
277511
54788
30874
618735
690152
150944
266926
46479
416336
505699
325479
852583
406007
663807
1843
276326
648543
35486
189904
155377
348925
93855
259141
342775
348667
836279
709359
264158
318629
311388
869047
737818
423687
662979
91746
970249
613358
322680
374511
461063
427800
695132
573572
403755
225233
922659
424467
52561
34669
90768
387464
440679
816932
541498
933753
781448
777320
798589
263914
861574
514842
976513
607353
744324
215829
444944
189922
140619
803820
950794
676607
877256
942956
361956
397200
994035
58747
689957
945061
135335
87898
73249
802573
66752
498009
958426
491600
343671
228295
803648
373259
386213
594077
246665
628523
473748
870666
829281
139659
462253
226330
50747
962222
349037
909416
734476
828331
161927
111287
435679
654119
33776
724575
891864
337807
738211
295394
323889
229506
408817
828431
732093
529876
641486
745539
200268
531964
688469
221204
619566
59046
992694
322430
175198
671006
882201
865921
400594
212782
847090
672005
596942
60595
455163
942659
940383
985218
627485
820035
654829
896201
691379
792286
215269
856985
355890
505059
664623
668064
513570
709887
776572
3802
562466
534826
977492
558284
763463
998004
652525
906500
696
701387
703975
819442
196535
939874
4642
585136
547660
40000
694361
482367
695068
602789
104950
929839
918355
467001
466883
990727
453443
631766
450499
851059
72931
81800
25133
610097
139555
443659
81536
221862
445773
668156
756097
709155
286286
481885
419760
834945
375333
179890
850244
260668
416915
441910
193070
847008
363599
246180
935027
159921
658385
627658
263200
433153
44133
981626
863253
208245
846330
848996
422662
623956
987563
636198
847694
859305
375770
520452
477379
547879
723463
870254
383361
75795
301373
871319
181449
551671
607476
689778
648840
894206
441208
427312
840408
921414
412657
326987
328103
545320
487869
173916
649437
176874
773874
601468
44193
228080
380901
61604
82882
161811
864222
547008
846191
884502
444418
763059
901517
402905
932331
339254
440886
573283
43830
842573
593961
459953
579480
809379
110516
289749
765570
747765
318623
239999
905424
78908
508039
329825
373757
283796
662619
498038
901852
100842
771294
545649
47654
480202
784048
996970
722350
142259
647488
90525
653885
10548
754032
49454
707817
493538
569391
500832
57265
575007
164931
414296
296204
939357
874676
212579
724177
906073
321139
770074
195508
776633
609779
860236
122408
307515
578875
238609
448910
414552
609702
955522
671322
886764
651350
680957
270977
841844
795168
793781
246304
890881
945749
738599
783816
496472
878520
685616
491368
806241
248413
842440
32113
322872
919784
861446
443838
132125
324625
662320
905932
51914
424297
646619
225005
988342
249433
719657
850213
988742
923304
754758
800675
967067
535877
135902
489839
843635
228933
796985
65504
889023
377058
739448
549214
391059
804953
354682
755030
374184
568443
3664
695236
992058
944726
213452
939315
387153
926808
538684
182576
265151
697749
605918
102092
167355
272238
109646
430168
440872
736204
561045
59325
204227
289571
403993
907827
185135
602912
707607
221103
167532
835719
20537
961885
926549
32108
129487
950755
952980
509245
402896
458762
972879
284425
120442
25101
253300
548617
690010
375375
951763
687525
936006
449742
314909
375548
706344
715293
360882
823747
890181
133308
790358
349815
564470
379543
262714
56199
394564
174547
846694
551976
602667
870967
409042
334698
787579
766183
939894
660385
630200
961054
330360
472967
51473
969439
915539
238916
702928
698128
175348
338478
764706
863130
345872
1790
901916
385825
335557
646377
887433
821233
263406
871925
837679
410741
140470
298862
227691
922855
701226
899222
852735
48177
158098
461452
685974
748474
700162
355156
145127
624872
886253
817536
625857
66392
692960
570125
285538
667645
869671
692609
968293
163286
425635
329939
850705
916829
528127
989605
857277
822770
826148
897846
145743
333441
230710
126738
994511
205876
480566
978530
238055
478947
401408
419242
990725
137353
626853
190459
775493
896573
691159
596435
331330
551696
826476
863004
311405
373038
501524
395499
804032
102819
723938
224740
109239
209625
395143
423390
486092
191253
554439
299312
649361
881500
178127
728280
638858
912810
309792
75302
310732
714185
689540
771938
107257
682586
722758
766484
950108
456075
583130
744462
71867
538232
479962
228878
351426
875937
636468
412758
251271
376391
323544
851005
768008
764264
372640
944177
902298
626205
951687
483770
30281
967409
29667
396729
215854
113807
878211
226335
941610
333406
162793
817248
955960
121684
661344
134449
934975
698370
414798
138952
439688
896854
161871
167582
213067
292403
239509
319779
205619
111720
740789
941310
844528
193888
613641
412914
968508
31537
556632
101343
538954
711105
22144
510912
707793
392390
372623
385590
73321
820047
252202
754821
987608
243589
533811
690695
592502
37362
781044
849723
855965
258378
24345
709429
256525
357318
792724
778078
920748
266888
765044
955342
957223
131708
109020
652294
450187
15211
561423
241105
76945
21581
569613
897930
595463
404522
362314
926917
511962
399727
646711
208922
83098
714152
739267
505412
433260
832810
329254
966257
974788
562507
746866
339447
507332
522058
561872
61496
342346
609753
574112
619198
549670
831416
773751
316532
955382
256168
647054
854961
833572
282068
282552
941030
329422
840060
92800
472060
526957
642237
608558
718919
732064
89174
725071
324274
979810
991166
984186
865351
994890
829473
961471
192195
834944
886191
594031
745549
228743
205225
332598
582906
184719
11796
330596
896933
790036
914269
493174
397408
246365
939586
100869
45936
95773
212404
895355
282174
278596
878057
968889
60909
134905
690774
534356
731272
712136
541082
669478
32550
773698
80177
426562
255428
716838
514012
278273
923213
202766
586195
730283
184454
678041
746311
73234
476560
123414
509053
669299
919452
304824
49621
872767
328906
520967
152111
669357
701183
342816
730156
385644
513718
122726
272900
367781
211020
114209
734358
357830
800631
888204
580608
406338
570889
357644
936683
551433
560407
129325
33915
167533
558600
90615
448465
840881
97246
108195
943090
864473
104985
467052
76727
961517
639841
210160
130257
644472
389227
852739
311872
695744
432600
39753
651728
616535
98818
591221
473142
531895
618426
37222
836325
962899
670520
182861
890767
80978
854473
463280
643575
544765
578764
849695
253699
786441
852275
849733
595706
662395
987865
708756
501834
712134
283666
263655
787334
879719
334490
26502
891647
443606
743879
982740
726763
73620
656750
277021
114129
387904
713252
429530
12784
118028
736363
976671
593926
7025
708931
462118
100897
863021
370253
517795
348625
770179
67981
369041
662858
319050
338024
474178
37035
860026
53316
165974
293450
206455
881694
100904
75418
918022
223842
41909
568388
280448
764109
1267
950558
364058
260243
52462
707274
91696
222436
183389
108571
75531
687781
407965
345492
92660
383136
979202
48358
461005
187551
954006
168955
249873
954844
548461
498632
213625
437575
692070
415623
572275
265539
940418
807397
279427
675151
437926
497681
215799
960410
935852
922799
825724
421862
965443
248285
74327
926863
142072
594250
244693
62643
233464
546792
17211
263014
63575
672743
477346
220329
543402
326382
183480
356122
121006
639244
193027
117075
725229
217957
992914
387358
841081
740088
609596
364056
699496
334250
784131
829294
690119
358271
989457
870866
13042
948028
239839
752554
273846
499549
96579
816010
196064
68320
9419
7996
876137
522252
149676
869889
38183
168542
188992
600862
559333
489720
56700
111710
131181
570460
569125
823292
298799
774257
965795
331694
276051
237878
810326
961590
874385
791527
417886
660025
602024
983955
956501
644682
491438
994280
636028
713905
495229
346077
946509
150145
354016
504331
736711
704158
684637
632156
33990
234224
662980
11677
898249
192767
82953
892308
275602
302244
761601
819686
771417
442758
230104
819773
497851
985823
401342
165244
667491
551842
436985
835005
402639
443284
350485
192763
308855
811205
977124
856840
721706
949683
818235
210978
177320
980875
923902
514641
580122
592859
416987
111417
745320
423049
481008
805323
478973
141901
635380
77464
125137
284805
903777
449177
557411
404446
44823
962917
921307
171597
359059
448386
44218
639223
712125
968942
321378
2935
321282
602152
59032
840230
540915
498340
710156
991667
352375
982323
173413
958965
514469
316021
342618
938262
363182
623445
391879
381109
62634
394603
860618
281496
704053
931133
463092
224077
25493
74040
688584
596961
682246
562675
681331
271829
936420
414167
593316
484793
353804
783762
588424
613365
597198
869105
943078
38023
687564
555273
236278
301294
167834
662391
451121
332965
448959
853993
920184
596885
243749
491771
438798
633048
401258
981200
543038
618026
642992
442543
903429
247488
671904
862999
20635
456469
876122
238372
926071
236209
381617
596331
388199
80784
521433
208465
204347
402437
883900
744549
518307
591427
978164
600027
745493
264346
212625
136481
610351
644327
320364
114900
4783
947176
585327
172868
861703
109395
224050
799286
4472
187240
59902
894101
980741
280357
190334
665470
218442
889196
692318
313157
451888
202342
537155
674439
257675
928031
793044
767627
712817
933591
882299
958312
641732
137121
129811
294772
653993
807735
90330
411481
191390
673800
174384
283479
100688
13012
906110
29371
827575
203852
741004
907049
187636
749687
362512
223783
605130
96206
754365
554567
258562
203501
453792
751609
124092
890389
53166
531582
623201
177156
200506
284880
644938
117952
135183
425528
225272
979368
765271
217516
922407
137275
935253
895469
595851
963441
471267
937600
1109
404139
310813
420163
597289
914773
524809
485177
231442
907858
322117
86991
911330
895954
190132
348276
707461
66939
169752
52327
935496
115845
889038
26112
161827
775678
387080
427270
247898
639051
948067
238322
603004
543115
135303
592628
50612
2200
965848
909177
229867
915730
698758
197079
251803
53410
23277
305661
408868
625302
528153
342388
96726
581391
209192
958315
748917
153334
429346
709624
507777
550547
184200
243790
559145
653443
745363
630248
543745
8510
755293
757951
224684
423141
629300
355991
638425
982501
683939
858513
285642
366382
755752
31444
528739
930936
200272
6053
254420
138313
68442
123233
32533
566663
946073
782331
456525
913613
411701
309725
86197
118258
319163
714844
430036
969842
143453
85132
702271
345771
441889
286475
668887
527189
77357
581944
757189
877338
226349
759180
745111
536041
351782
365601
769314
683058
259014
690610
95212
353775
73240
205285
77434
752542
477399
272565
5813
502175
831963
74759
79856
292553
861455
870192
583744
946877
437264
887161
444271
11117
612311
390843
745720
590267
470335
717643
448539
304544
541051
361476
512769
919210
502158
517770
862543
413732
640160
843533
144560
999044
74163
575593
31290
866193
60317
564180
54858
747576
623729
811786
596294
614138
90718
786490
918259
380386
793345
713119
69895
13214
17797
396228
996285
447141
279105
637085
982822
991976
428370
156659
101191
73809
82296
501361
706815
120144
214435
895206
124518
26006
975060
393632
277302
44993
65392
367102
162584
137819
281906
296680
760867
780557
167801
99160
173769
985785
61175
715882
531460
822076
213300
497284
484009
30723
65395
994266
896775
433355
218600
127866
706907
700038
109392
350286
766188
704698
911455
333219
894850
133195
725096
923465
301670
229064
686523
591233
987562
562972
231928
363083
743066
494101
385008
279363
874483
555196
601685
745026
849178
337726
402012
753151
637379
579570
746826
852005
646022
64889
875485
899413
789609
634296
111065
102252
423680
73197
960684
574247
578428
897108
691172
661881
173169
85034
444053
586027
666752
625401
868907
526061
904704
333852
200419
133542
760781
778092
681964
604149
538784
302279
247423
859422
999898
81886
412857
93955
311497
859696
401086
929022
175233
514589
624640
680277
885449
896956
786414
794909
93309
428135
22377
342886
607738
805881
706950
557115
651183
783975
769257
809087
606348
401205
627183
79313
439472
223491
136269
936042
666414
132625
271714
271064
939678
946084
614336
557990
77717
684595
95093
196305
632226
617604
867831
583528
894851
311547
626224
918217
581602
781762
158354
378118
301454
506164
441253
240647
315026
497196
117695
716955
19900
848398
768838
756222
61030
172832
998893
843374
957884
132853
981711
861333
664378
824217
784287
417941
533279
122209
478441
648122
743729
223457
779456
393381
368683
524351
709295
833644
908423
665428
571983
100513
297073
40831
350118
136362
100836
322922
483922
80334
869948
584350
878119
760106
380677
413369
896887
447416
809391
12896
53490
895698
717658
649809
78672
819770
95440
978199
60744
400351
608925
698749
390287
100332
630177
736172
313698
65023
587664
617588
2361
645232
669963
16969
177991
129891
939286
494235
499756
603998
467177
302337
115050
958075
191608
761608
3358
466849
812922
107920
1415
27795
195413
909645
687913
104240
422062
118146
627316
653085
861821
567497
824829
833811
352017
271384
628429
93271
872861
178557
728845
299900
896713
143011
354690
961301
931653
740970
237484
200765
647103
224041
430098
91157
368615
336311
602175
148687
659654
942988
7399
274436
170080
419039
919979
198102
924210
528609
971566
526314
745763
89433
484794
826915
572646
61174
595972
791012
1451
822629
686974
406163
519706
309943
405167
246933
533336
376445
340247
443165
477438
204492
248168
621625
10410
850611
564848
133341
534631
37532
836166
176737
61296
120106
605774
5835
742667
746907
248552
273096
231961
115223
215065
698098
399179
874405
161177
676098
830683
671034
477011
144615
970929
49036
800738
11542
726697
918912
205207
714883
847333
92453
879223
32063
418925
442755
290342
85856
365989
94155
12281
604351
941181
672581
627651
883954
801671
54138
375464
577270
420289
238145
502912
381846
260157
940634
602223
941064
353481
255231
565914
785115
668310
260627
177569
937793
921507
767282
770293
894000
301821
490759
831306
33159
903867
815021
908642
175351
542016
966322
684752
909873
12543
856711
621808
529949
803131
75969
154831
892738
710667
511731
11268
290372
821472
859800
869466
465568
832520
850101
233511
234532
747846
358500
98175
790139
571264
700629
705312
650064
734698
311155
451749
387304
650814
700325
798821
734707
959328
49431
854970
390430
748267
57747
155355
867847
274626
685751
46222
31331
483284
252929
996819
538360
928700
943139
107934
268823
540828
146556
63651
963936
44837
224381
781753
720091
743679
221024
58192
687015
803161
768160
572352
304995
141117
926063
722405
682511
515447
989827
893774
263490
430188
351571
928836
762464
34447
354455
762231
456308
275956
700299
413714
312792
189160
379835
789250
109067
347150
283081
31126
647289
187460
617082
479089
409942
133607
9217
657142
514022
177461
706486
84308
621087
861921
594714
122821
539301
409050
856280
523419
613929
75714
960999
804978
644353
686981
341982
114519
988523
696899
546792
753649
719880
56947
873949
128798
187098
634405
505773
485132
93642
916013
930832
417845
261959
256698
12714
819529
576223
988857
406546
618654
207920
294556
150724
391691
120150
861177
168452
690229
19383
990486
102271
714461
377495
11713
374380
785699
882266
561190
616622
923138
691148
534253
646159
713854
160902
289480
976382
580064
304890
991072
447317
494000
90074
812060
935757
168222
827435
89162
262586
758046
332356
419585
353227
152781
235600
120693
426894
3724
810901
435370
491268
739475
951750
359105
701487
952847
477835
989206
205782
708726
780683
852234
944831
518527
928415
752651
497893
954411
741104
303864
475967
135231
21111
452208
150768
606202
76846
985145
977958
455609
913761
226813
424114
864352
983004
867248
39101
667984
175966
146025
29008
925865
832122
416689
679540
938415
887857
455325
855717
630930
935599
744707
460966
731241
885435
364938
177178
708546
125473
52128
27019
12004
562581
448575
300754
750233
691722
561091
172088
586672
889951
968506
890980
290735
460274
375071
786147
81058
560870
693375
435906
624622
46835
958579
273277
314334
424399
25149
579711
237711
571729
177971
291544
70568
615730
501624
294262
982183
370892
94750
911883
522169
44068
990884
112238
374339
488172
952779
543645
809157
148141
144126
894502
643860
984099
50817
224457
528167
79521
923235
854382
413520
346285
441759
122064
135076
723880
269567
811480
138222
536587
650021
345804
515182
220367
230275
897715
682289
460225
848451
415359
224834
889241
108649
188219
663899
891980
186176
984464
158401
727931
454840
979751
445582
144647
208802
667206
644515
885667
963376
689308
899674
14885
562365
64585
225474
776846
593900
595547
327651
791639
422440
338981
623721
743288
481500
895715
162225
362271
339811
934201
649298
425536
453076
800717
331136
701567
444117
288740
52192
253360
216119
640992
411524
278775
196877
639926
573460
715613
536322
205845
953797
167822
135295
266613
699070
319614
970437
788896
603903
895888
298251
768048
870328
400181
970759
662304
902902
315467
275901
226607
154829
188515
427678
952413
892762
35078
74264
352027
631812
801043
966667
139490
907263
193805
236231
954803
995851
58422
566152
654193
176940
614786
910377
346406
132767
294816
312631
293451
126941
622839
809009
513971
671669
567651
359484
428380
496741
61359
246823
167124
767059
927950
405848
226927
660593
293651
701611
4586
614857
661456
261995
363860
777622
223867
588398
798233
456296
660659
317586
940799
650493
622673
188432
142249
73579
337906
979238
588911
421526
292839
924418
965031
31192
739748
393797
976944
485191
859875
423422
151521
166799
772667
23701
197257
245879
222899
58827
873587
85612
700358
890895
752487
599842
950860
912769
476153
662143
322704
555644
115531
270243
159312
350456
16684
803257
496612
146685
85473
374181
652854
647748
805732
976414
908869
9119
412142
850625
368430
363455
546161
257018
261162
786441
411932
628160
404615
397711
918728
898773
277419
3126
547553
661437
172057
927860
711669
680968
193650
464157
194366
215246
450239
663250
841947
536565
640411
37934
65959
25120
385701
110336
865823
215033
78074
638936
21623
213361
716882
789507
826394
983808
195037
476561
228375
89418
760752
595054
535771
622299
929057
886550
900194
213492
946374
739642
639538
212339
21835
311398
87128
352312
930556
974752
61159
478990
267025
246150
236909
205951
580757
28454
673983
685611
861824
216006
501761
34613
360393
451929
298509
337092
522289
102128
13036
564290
901709
316165
372554
195154
272543
382054
596334
800197
801365
450202
892003
359639
68035
101142
649790
626879
923895
162358
469775
419678
662987
641423
158139
323920
748198
635827
610672
928653
382219
604298
65258
376133
542210
440067
549768
706855
707463
373463
477816
207164
400931
849367
251988
725745
838372
174481
422704
715394
432931
910025
420544
577732
638339
697404
130881
741059
630531
447518
611867
785360
625305
598848
70313
843484
208779
455077
804712
453821
917709
449930
200653
17351
448403
555094
21076
20696
295726
946476
172315
226891
327885
474731
846589
106831
787961
447901
442597
886923
479810
727169
948047
722259
443756
161167
531526
669632
256662
939885
935717
331063
201249
536234
890059
265992
941197
521370
168100
529097
11364
689402
103303
980761
386583
607696
346783
338464
627872
920947
401424
289930
621425
480331
999060
372667
723690
643469
700883
739538
204868
896613
195952
376327
243564
287349
648666
814774
366906
24300
103303
893378
153297
999724
392156
658251
219072
921565
213601
67658
995684
203391
47315
766371
570650
753904
356181
829776
913304
332029
87820
42694
135583
189299
833461
974193
48318
308175
127819
837187
165212
663078
280878
880393
479447
580329
820956
850306
792026
453883
98167
882075
106277
785616
848325
30770
619554
762127
549653
538252
141034
354401
218010
845963
343577
232363
881206
310182
118017
623262
348859
553871
439803
610973
51506
398022
580808
272745
661168
355427
203171
480572
925288
741117
857450
156272
646907
556223
673923
262541
26230
435837
583721
836645
642156
116446
235629
929096
197104
74852
884675
396540
774416
217972
920288
116300
764893
761768
374610
339375
807430
727520
705688
579406
58501
805024
385600
646996
856190
684764
340166
181974
376709
344950
84777
310563
194780
194319
479932
860128
754063
417900
390482
901040
629698
350495
174107
253394
122317
211368
847482
995718
161341
73749
982636
943489
715099
513980
871372
527148
906281
987706
262235
492515
813475
614293
22342
370910
503007
715691
405512
721906
180029
152271
218461
738626
473778
225650
68449
923591
779154
677385
48624
192601
265252
102384
671362
944734
631185
917210
595333
348527
940543
875996
708533
337494
898038
10445
427458
582636
745359
785461
651640
15175
548016
208249
673134
309718
20885
606209
482164
106206
197431
797818
332956
648398
186055
420657
137915
947334
976698
252085
243631
540105
761892
460568
408835
407451
518571
859468
352226
638103
660544
400157
67246
983445
416152
337564
211191
533019
211690
728854
267678
359502
748353
184696
854299
131265
648966
82612
501458
371241
520462
773221
463660
252751
29080
662689
641197
566120
117452
438512
487970
764312
806240
120800
860333
801481
117713
67495
122150
815246
534600
539530
462906
571674
64853
940682
308528
991360
421327
386954
908690
5645
45218
831583
669727
453957
702988
574320
568872
726401
168797
617409
33407
380138
67893
995744
997394
13768
301166
904968
459019
270850
597045
178798
753166
961825
644120
425681
926737
943074
946380
924906
58252
572447
12667
203586
98712
272566
742915
68460
827223
976339
906007
750278
812803
3543
417492
733540
852824
222992
720205
790661
218965
191745
946763
717182
183098
330937
700149
273430
718408
97255
227068
878056
975142
539738
478506
670193
115731
593497
52865
659497
360640
955100
299303
817130
644145
408815
922376
125778
108331
28517
273794
803101
773975
767037
143096
140527
118568
562851
266270
658109
964571
243433
959815
566208
35134
185275
257473
846022
769807
902472
677836
613567
509450
478948
283264
815463
957298
33789
4010
719941
902353
214861
296201
112771
551521
52749
78273
585343
458591
375247
547695
810938
960971
382053
918323
245238
239187
909956
338379
258445
599529
380747
250112
308899
346832
417217
234366
401870
662175
637070
946775
742258
229476
190173
97041
186205
965222
191545
548701
824164
97243
320613
524054
786780
11228
506693
587357
154942
737860
801299
549152
676689
688716
249827
685549
846166
265735
818297
698524
783634
266896
205271
656764
270556
589839
674708
751312
240099
595515
882459
76259
897
635571
37229
801931
480743
670004
636299
46532
816889
605732
446918
471871
690937
972080
366207
129865
908842
815786
285601
368632
860336
245957
110225
670567
657109
888556
639307
139439
945401
620307
100625
979577
616168
343512
750138
717409
894779
236167
97405
104105
582272
865804
997995
607813
541433
790896
749687
362512
223783
605130
96206
754365
554567
258562
203501
453792
751609
124092
890389
53166
531582
623201
177156
200506
284880
644938
117952
135183
425528
225272
979368
765271
217516
922407
137275
935253
895469
595851
963441
471267
937600
1109
404139
310813
420163
597289
914773
524809
485177
231442
907858
322117
86991
911330
895954
190132
348276
707461
66939
169752
52327
935496
115845
889038
26112
161827
775678
387080
427270
247898
639051
948067
238322
603004
543115
135303
592628
50612
2200
965848
909177
229867
915730
698758
197079
251803
53410
23277
305661
408868
625302
528153
342388
96726
581391
209192
958315
748917
153334
429346
709624
507777
550547
184200
243790
559145
653443
745363
630248
543745
8510
755293
757951
224684
423141
629300
355991
638425
982501
683939
858513
285642
366382
755752
31444
528739
930936
200272
6053
254420
138313
68442
123233
32533
566663
946073
782331
456525
913613
411701
309725
86197
118258
319163
714844
430036
969842
143453
85132
702271
345771
441889
286475
668887
527189
77357
581944
757189
877338
226349
759180
745111
536041
351782
365601
769314
683058
259014
690610
95212
353775
73240
205285
77434
752542
477399
272565
5813
502175
831963
74759
79856
292553
861455
870192
583744
946877
437264
887161
444271
11117
612311
390843
745720
590267
470335
717643
448539
304544
541051
361476
512769
919210
502158
517770
862543
413732
640160
843533
144560
999044
74163
575593
31290
866193
60317
564180
66089
154931
873551
790209
603547
312095
615453
658388
516222
414056
201491
585127
493868
237307
381425
495651
66995
695337
762683
371805
22128
688605
654289
495954
56362
680766
429759
763927
482766
792483
197581
698660
260109
205056
170416
562738
613534
448376
757959
15925
37234
711182
73429
92853
525827
656302
239939
886403
468073
349552
610573
213906
754700
818209
774722
716136
301565
443424
13347
293204
369987
860660
687044
516754
778069
293279
893412
674527
339916
276528
613930
401165
644135
542760
485650
428244
588634
433354
279280
846889
925638
578857
142748
417899
439056
746027
678180
887183
275680
688994
960210
968412
382420
561433
674853
640112
963659
947659
660722
671070
365980
852741
268140
835738
821938
55255
116740
110446
40230
70972
28444
251569
716475
601805
140246
548414
657066
751514
460013
216425
357869
478191
418554
850412
560302
723240
292500
592885
519187
407562
725081
189112
459925
17875
955669
898468
977012
819577
783987
310642
931517
827282
741196
475698
742094
540148
417590
398540
832249
106319
405429
871216
396017
19318
855466
820567
574827
668907
217046
834100
600298
69949
334135
293563
450835
874999
703501
593534
94315
339868
366240
251474
444849
256072
600168
325993
748461
990129
308135
451736
230748
676819
756086
972104
488959
302050
104767
105151
291618
880688
218
813332
160713
185667
340784
64412
354656
516935
222124
468639
644616
812287
976755
856452
582491
996822
170961
221298
795726
843773
399419
593751
212309
776662
726705
835989
18709
981230
664862
49765
584207
915306
647515
276359
546942
805740
63544
433643
750177
3792
47136
983171
741725
133807
386050
649374
105109
814754
106244
623245
977948
360174
518517
74531
731252
269305
771660
469289
932677
510656
246596
143753
397512
568987
447306
820830
343023
977653
396889
272146
404999
590506
930840
126370
549719
160995
694756
903734
720240
890861
99862
716919
392822
486781
967393
720139
87458
920550
101589
311103
275913
526866
571096
294615
61310
292503
49934
701936
465237
191647
171608
726633
151517
204385
483857
285486
940166
218810
256467
42141
520771
361952
90930
341526
361400
430695
8252
394666
927330
1090
449988
226377
973312
482931
417637
352420
853714
856208
796813
888060
506845
77001
765156
806553
12897
172637
66714
363951
399355
859383
850591
285727
673415
110688
717939
171049
897828
479950
598884
712146
494788
139039
89819
749067
861861
532245
921477
884220
814655
265082
299538
366454
332808
348327
962004
221005
579047
199918
931452
149537
185520
870815
105209
553568
357186
805624
22860
144919
429067
74807
378027
998469
132229
422477
100106
575304
972849
662309
121725
198469
809353
923765
268976
698894
924513
1858
63992
465648
632602
595870
613233
932524
736067
535960
169913
612094
951878
191249
405237
148678
764616
129042
900711
503298
31513
751990
882541
306557
64108
78528
759177
619426
841795
51600
594378
827351
474508
761733
250678
159625
24893
752656
571929
373861
324804
141215
638670
474505
476542
628016
826297
944638
316244
601233
123614
861978
234937
443207
928084
442797
402224
837989
324180
11583
618212
347667
672473
129651
731215
776293
189693
632465
801926
872502
83735
623332
969160
735311
722669
50183
277958
882394
263050
352554
567716
316052
140406
807456
886212
79334
833562
625660
794778
733264
354477
554066
360554
905827
986572
725136
593671
564365
897090
761008
580360
945235
382764
687719
587420
138101
673171
44105
969115
166898
412384
680278
794516
35554
167111
132190
731440
613704
568276
131617
872565
426185
983060
765058
869970
379762
935672
30339
956242
211551
847699
56312
173484
975824
52652
48967
405947
199348
454362
106263
617691
430130
645176
404433
33580
780460
777450
900065
870089
722306
990596
615126
621823
831643
736023
776213
840282
398005
913552
564634
803358
816517
335474
567
467189
461917
668157
532345
616408
307517
666204
231071
184522
896820
210388
101067
303012
401457
388199
908309
755969
406330
614570
101813
166456
751373
580410
857061
421462
228991
637880
5914
554238
187288
83846
634015
545949
121378
686763
424618
283003
148560
717288
406785
212083
857865
689167
626326
71823
400476
994535
399404
448213
844704
626517
231618
800264
757743
222071
189434
33108
696088
729313
496242
657613
787528
106077
391859
68799
869833
590279
842201
499689
714708
247685
514913
762965
710365
698953
547111
979648
1990
155392
23003
112248
496634
151636
751973
269171
327546
653510
891870
427920
342639
540596
197525
436454
932837
815608
191178
895303
48203
276443
349331
797411
563261
801796
479630
608349
247665
847575
821749
806479
474294
228806
47838
770774
454140
770604
260959
303447
225783
951739
294035
5182
847000
235667
97173
182703
237035
386416
767840
961543
900243
700521
826223
801323
325374
751207
667193
666486
199393
937353
730651
692386
700805
857278
823644
304745
44599
286180
200472
399936
139458
326129
461131
374229
687581
118756
63765
501992
308450
363357
263421
406085
300086
766912
587245
138018
464845
467535
535354
691170
21499
419205
56979
607248
1342
703113
493064
704334
683282
739800
99388
854287
561366
416259
968313
167933
57884
213489
152711
908377
696215
522527
62113
945959
729777
470746
749071
592753
286911
745285
532776
210217
936294
96740
517307
70478
203417
433782
953569
569924
975894
678189
66723
43175
923879
839770
925104
106174
31538
91988
161920
669060
86549
981605
877639
502639
506815
289489
848854
516677
197030
474701
248443
713938
222491
80366
442293
120746
963527
957264
69368
863071
71113
669953
534804
956527
982739
990220
249807
309317
977345
953971
437458
899115
749047
560213
90176
78013
261691
824538
712382
484058
209672
564611
811079
93625
755240
991388
707331
535714
338444
907406
133322
907493
263126
72188
252426
979756
450845
84928
193917
861690
224317
955859
929219
906219
232975
390259
333252
880366
665425
692835
572250
199506
707110
115289
538559
330012
796171
416116
913228
301755
606496
379270
578863
640036
844174
47072
528020
925979
882038
462828
116543
625063
976711
789870
496585
785373
313551
776295
330676
700353
407111
668454
436017
655202
448208
841297
837324
431767
33431
609956
816857
333682
338865
914484
941904
111657
207087
828479
722817
318250
804901
132327
508811
302117
479074
513128
464088
263635
188242
305867
983444
536977
421449
74213
704375
538127
827208
744344
351795
623959
871722
451520
11829
444475
720871
736598
72755
238397
197821
238572
994011
921780
106537
569148
268291
749928
431276
626757
427081
794837
923044
209864
706656
473563
366290
423268
39312
887284
382524
36134
363786
786539
972345
646724
859149
565006
123266
236431
598031
802361
718003
454405
287925
526172
666362
764185
223397
543440
653553
404991
307395
904325
148782
972870
16429
803738
350170
310725
482273
929
555524
311214
441921
142815
43234
182892
667892
213770
923513
707423
749687
362512
223783
605130
96206
754365
554567
258562
203501
453792
751609
124092
890389
53166
531582
623201
177156
200506
284880
644938
117952
135183
425528
225272
979368
765271
217516
922407
137275
935253
895469
595851
963441
471267
937600
1109
404139
310813
420163
597289
914773
524809
485177
231442
907858
322117
86991
911330
895954
190132
348276
707461
66939
169752
52327
935496
115845
889038
26112
161827
775678
387080
427270
247898
639051
948067
238322
603004
543115
135303
592628
50612
2200
965848
909177
229867
915730
698758
197079
251803
53410
23277
305661
408868
625302
528153
342388
96726
581391
209192
958315
748917
153334
429346
709624
507777
550547
184200
243790
559145
653443
745363
630248
543745
8510
755293
757951
224684
423141
629300
355991
638425
982501
683939
858513
285642
366382
755752
31444
528739
930936
200272
6053
254420
138313
68442
123233
32533
566663
946073
782331
456525
913613
411701
309725
86197
118258
319163
714844
430036
969842
143453
85132
702271
345771
441889
286475
668887
527189
77357
581944
757189
877338
226349
759180
745111
536041
351782
365601
769314
683058
259014
690610
95212
353775
73240
205285
77434
752542
477399
272565
5813
502175
831963
74759
79856
292553
861455
870192
583744
946877
437264
887161
444271
11117
612311
390843
745720
590267
470335
717643
448539
304544
541051
361476
512769
919210
502158
517770
862543
413732
640160
843533
144560
999044
74163
575593
31290
866193
60317
564180
226349
759180
745111
536041
351782
365601
769314
683058
259014
690610
95212
353775
73240
205285
77434
752542
477399
272565
5813
502175
831963
74759
79856
292553
861455
870192
583744
946877
437264
887161
444271
11117
612311
390843
745720
590267
470335
717643
448539
304544
541051
361476
512769
919210
502158
517770
862543
413732
640160
843533
144560
999044
74163
575593
31290
866193
60317
564180
898799
255228
789296
225290
69383
770174
965156
892824
450839
734049
111172
560283
327056
777311
986707
541816
258663
783812
718930
153750
537900
780197
254106
120232
408395
347901
515492
40414
308450
661285
218286
919662
725503
311117
636838
463545
859787
659527
745279
560897
186840
590722
59996
141058
181309
171160
200789
380407
918680
913563
657364
54616
6825
51031
498688
685559
315921
470711
795052
15663
273142
730888
336108
257433
67583
890999
822879
512271
971283
721029
87762
730172
123785
224880
53688
590714
550504
311720
82171
725769
889342
880008
79640
775684
285255
540779
232439
873181
179142
699940
523141
283046
265262
743760
244238
749687
362512
223783
605130
96206
754365
554567
258562
203501
453792
751609
124092
890389
53166
531582
623201
177156
200506
284880
644938
117952
135183
425528
225272
979368
765271
217516
922407
137275
935253
895469
595851
963441
471267
937600
1109
404139
310813
420163
597289
914773
524809
485177
231442
907858
322117
86991
911330
895954
190132
348276
707461
66939
169752
52327
935496
115845
889038
26112
161827
775678
387080
427270
247898
639051
948067
238322
603004
543115
135303
592628
50612
2200
965848
909177
229867
915730
698758
197079
251803
53410
23277
305661
408868
625302
528153
342388
96726
581391
209192
958315
748917
153334
429346
709624
507777
550547
184200
243790
559145
653443
745363
630248
543745
8510
755293
757951
224684
423141
629300
355991
638425
982501
683939
858513
285642
366382
755752
31444
528739
930936
200272
6053
254420
138313
68442
123233
32533
566663
946073
782331
456525
913613
411701
309725
86197
118258
319163
714844
430036
969842
143453
85132
702271
345771
441889
286475
668887
527189
77357
581944
757189
877338
226349
759180
745111
536041
351782
365601
769314
683058
259014
690610
95212
353775
73240
205285
77434
752542
477399
272565
5813
502175
831963
74759
79856
292553
861455
870192
583744
946877
437264
887161
444271
11117
612311
390843
745720
590267
470335
717643
448539
304544
541051
361476
512769
919210
502158
517770
862543
413732
640160
843533
144560
999044
74163
575593
31290
866193
60317
564180
90699
720456
627380
570052
29035
918863
253101
873659
760457
237347
643352
882842
189817
229771
62680
957589
674014
402317
923732
741349
315304
57405
524167
189262
877882
190375
404524
508786
251135
220962
391580
861638
797938
420647
197295
770669
372735
257378
780450
1360800
1619642
1633716
0863025
6112140
1553047
1651392
1430937
1309863
1441458
1071338
0760309
1373486
999998
1255365